#RA DEC 2MASSID Jmag eJmag Hmag eHmag Kmag eKmag
026.984761;+37.467770;01475634+3728039 ;16.081; 0.071;15.546; 0.112;15.609; 0.180
026.982475;+37.470894;01475579+3728152 ;12.553; 0.021;11.968; 0.024;11.828; 0.021
027.026919;+37.491337;01480646+3729288 ;16.124; 0.076;15.675; 0.127;15.489; 0.164
027.000992;+37.490051;01480023+3729241 ;14.738; 0.031;14.549; 0.056;14.385; 0.066
027.020515;+37.465302;01480492+3727550 ;14.259; 0.024;13.792; 0.036;13.714; 0.037
027.021445;+37.481281;01480514+3728526 ; 9.692; 0.020; 9.662; 0.022; 9.631; 0.021
027.058661;+37.489651;01481407+3729227 ;15.747; 0.053;15.301; 0.092;14.955; 0.113
027.038267;+37.499207;01480918+3729571 ;15.997; 0.068;15.412; 0.102;15.494; 0.153
027.060384;+37.481411;01481449+3728530 ;13.675; 0.026;13.377; 0.034;13.335; 0.040
027.032919;+37.492905;01480790+3729344 ;16.294; 0.102;15.831; 0.147;15.360; 0.145
027.052594;+37.498634;01481262+3729550 ;15.492; 0.054;14.753; 0.057;14.604; 0.086
027.044348;+37.479515;01481064+3728462 ;15.555; 0.059;15.010; 0.072;15.243; 0.134
027.095919;+37.492680;01482302+3729336 ;13.923; 0.023;13.676; 0.031;13.523; 0.030
027.100681;+37.488068;01482416+3729170 ;16.747; 0.128;15.780; 0.137;15.728; 0.194
027.095749;+37.482033;01482297+3728553 ;15.353; 0.045;14.731; 0.066;14.530; 0.072
027.078820;+37.493614;01481891+3729370 ;15.654; 0.054;14.996; 0.075;15.005; 0.106
027.087488;+37.481766;01482099+3728543 ;15.157; 0.039;14.584; 0.056;14.233; 0.063
027.132977;+37.499962;01483191+3729598 ;15.751; 0.056;15.172; 0.087;15.156; 0.117
026.915439;+37.545322;01473970+3732431 ;15.183; 0.038;14.773; 0.054;14.768; 0.095
026.923820;+37.535789;01474171+3732088 ;13.932; 0.023;13.584; 0.034;13.446; 0.037
026.928197;+37.551872;01474276+3733067 ;13.545; 0.023;13.263; 0.033;13.177; 0.028
026.929302;+37.535339;01474303+3732072 ;15.910; 0.069;15.281; 0.095;14.992; 0.108
026.932295;+37.521282;01474375+3731166 ;15.606; 0.054;15.323; 0.093;15.324; 0.144
026.973590;+37.560589;01475366+3733381 ;16.001; 0.069;15.453; 0.109;15.379; 0.141
026.984812;+37.514477;01475635+3730521 ;15.704; 0.068;15.146; 0.083;15.035; 0.115
026.944253;+37.529957;01474662+3731478 ;15.735; 0.057;15.247; 0.095;14.776; 0.084
026.956764;+37.524002;01474962+3731264 ;15.680; 0.048;14.950; 0.069;14.835; 0.088
026.965467;+37.543736;01475171+3732374 ;16.013; 0.073;15.797; 0.160;15.462; 0.149
026.969781;+37.556705;01475274+3733241 ;15.504; 0.047;14.936; 0.079;14.865; 0.091
026.975658;+37.514381;01475415+3730517 ;12.527; 0.023;12.020; 0.022;11.946; 0.022
026.938448;+37.519791;01474522+3731112 ;15.402; 0.043;14.827; 0.073;14.757; 0.086
027.046681;+37.515583;01481120+3730560 ;15.396; 0.043;14.932; 0.073;14.635; 0.073
027.036449;+37.550068;01480874+3733002 ;16.060; 0.071;15.433; 0.114;15.313; 0.131
027.030134;+37.506561;01480723+3730236 ;15.562; 0.053;14.994; 0.075;14.779; 0.089
027.027867;+37.509491;01480668+3730341 ;16.053; 0.066;15.459; 0.103;15.403; 0.139
027.062204;+37.539749;01481492+3732230 ;16.142; 0.074;15.483; 0.116;15.457; 0.158
027.051597;+37.532864;01481238+3731583 ;15.584; 0.048;15.084; 0.073;15.230; 0.128
027.108444;+37.500919;01482602+3730033 ;15.738; 0.069;14.906; 0.086;14.393; 0.081
027.120324;+37.514118;01482887+3730508 ;14.609; 0.028;14.068; 0.036;14.093; 0.043
027.093065;+37.506786;01482233+3730244 ;16.872; 0.157;16.128; 0.189;15.406; 0.171
027.117880;+37.505470;01482829+3730196 ;15.170; 0.041;14.881; 0.068;14.683; 0.086
027.117833;+37.542786;01482827+3732340 ;13.539; 0.023;12.879; 0.024;12.723; 0.025
027.113745;+37.510159;01482729+3730365 ;14.828; 0.038;14.337; 0.048;14.322; 0.070
027.107533;+37.526558;01482580+3731356 ;15.116; 0.038;14.766; 0.058;14.521; 0.069
027.085740;+37.545631;01482057+3732442 ;14.647; 0.028;14.336; 0.044;14.363; 0.066
027.089101;+37.557068;01482138+3733254 ;14.823; 0.031;14.179; 0.041;13.986; 0.047
027.088501;+37.536964;01482124+3732130 ;16.248; 0.090;15.858; 0.158;15.570; 0.164
027.086410;+37.547909;01482073+3732524 ;14.478; 0.027;13.891; 0.027;13.870; 0.047
027.082343;+37.559845;01481976+3733354 ;14.479; 0.026;14.194; 0.042;14.189; 0.061
027.078677;+37.506596;01481888+3730237 ; 9.962; 0.020; 9.595; 0.022; 9.525; 0.017
027.064931;+37.524845;01481558+3731294 ;13.186; 0.021;12.845; 0.022;12.749; 0.026
027.074714;+37.511154;01481793+3730401 ;11.331; 0.019;10.746; 0.022;10.654; 0.021
027.147324;+37.551182;01483535+3733042 ;13.117; 0.023;12.775; 0.023;12.762; 0.024
027.130544;+37.537037;01483133+3732133 ;14.190; 0.024;13.597; 0.027;13.430; 0.031
027.140213;+37.533875;01483365+3732019 ;16.696; 0.131;16.109; 0.194;15.604; 0.193
027.129647;+37.543156;01483111+3732353 ;15.680; 0.058;14.935; 0.066;14.812; 0.084
027.132914;+37.513912;01483189+3730500 ;13.307; 0.028;12.966; 0.037;12.863; 0.029
026.916497;+37.564911;01473995+3733536 ;13.116; 0.021;12.828; 0.024;12.821; 0.023
026.920559;+37.568462;01474093+3734064 ;14.536; 0.032;14.161; 0.043;14.020; 0.049
026.917721;+37.586655;01474025+3735119 ;14.308; 0.024;14.028; 0.044;13.858; 0.047
026.987554;+37.566914;01475701+3734008 ;11.729; 0.021;11.029; 0.022;10.914; 0.022
026.991990;+37.563171;01475807+3733474 ;16.845; 0.146;16.090; 0.184;15.260; 0.141
026.955524;+37.602043;01474932+3736073 ;14.923; 0.038;14.470; 0.050;14.446; 0.063
026.959337;+37.577431;01475024+3734387 ;15.646; 0.051;15.089; 0.083;15.036; 0.122
026.961564;+37.588345;01475077+3735180 ;15.309; 0.039;14.795; 0.073;14.746; 0.081
026.974100;+37.616978;01475378+3737011 ;16.006; 0.066;15.696; 0.138;15.684; 0.193
026.966415;+37.569035;01475193+3734085 ; 8.738; 0.020; 8.697; 0.021; 8.694; 0.022
027.041642;+37.612038;01480999+3736433 ;15.791; 0.090;15.040; 0.105;14.678; 0.106
027.046002;+37.624557;01481104+3737284 ;15.575; 0.048;15.148; 0.081;14.973; 0.110
027.028020;+37.609463;01480672+3736340 ;16.236; 0.087;15.819; 0.152;15.611; 0.187
027.053743;+37.613205;01481289+3736475 ;13.768; 0.023;13.426; 0.027;13.390; 0.036
027.058470;+37.593079;01481403+3735350 ;13.687; 0.024;13.378; 0.029;13.263; 0.029
027.018871;+37.570793;01480452+3734148 ;14.473; 0.028;13.922; 0.034;13.859; 0.045
027.000019;+37.580917;01480000+3734513 ;15.689; 0.055;15.238; 0.099;14.998; 0.111
027.003851;+37.564522;01480092+3733522 ;13.075; 0.021;12.617; 0.026;12.522; 0.022
027.035352;+37.598919;01480848+3735561 ;16.537; 0.136;15.710; 0.163;15.313; 0.153
027.038199;+37.570145;01480916+3734125 ;13.915; 0.024;13.652; 0.026;13.609; 0.030
027.048653;+37.599735;01481167+3735590 ;16.498; 0.102;15.548; 0.114;15.402; 0.133
027.039184;+37.596985;01480940+3735491 ;15.396; 0.043;14.750; 0.061;14.762; 0.087
027.065081;+37.590302;01481561+3735250 ;13.980; 0.021;13.498; 0.026;13.437; 0.034
027.145632;+37.605492;01483495+3736197 ;16.163; 0.080;15.608; 0.125;15.582; 0.189
027.146952;+37.595718;01483526+3735445 ;12.496; 0.021;12.145; 0.023;12.088; 0.020
027.138661;+37.564857;01483327+3733534 ;16.106; 0.076;15.390; 0.102;15.345; 0.161
027.127264;+37.580540;01483054+3734499 ;16.453; 0.092;15.730; 0.143;15.637; 0.176
027.141752;+37.584454;01483402+3735040 ;15.570; 0.046;14.955; 0.066;14.793; 0.093
027.141265;+37.580585;01483390+3734501 ;14.781; 0.032;14.078; 0.038;13.951; 0.049
027.149669;+37.572041;01483592+3734193 ;15.313; 0.045;14.818; 0.066;14.586; 0.082
026.966312;+37.634697;01475191+3738049 ;15.729; 0.059;15.197; 0.089;15.468; 0.162
026.957887;+37.634972;01474989+3738058 ;14.870; 0.031;14.488; 0.053;14.355; 0.063
027.060565;+37.650936;01481453+3739033 ;15.620; 0.048;14.786; 0.063;14.760; 0.089
027.048964;+37.642845;01481175+3738342 ;16.834; 0.150;15.854; 0.155;15.763; 0.211
027.061393;+37.645996;01481473+3738455 ;16.461; 0.103;15.900; 0.165;15.242; 0.140
027.042666;+37.646793;01481023+3738484 ;12.988; 0.020;12.545; 0.022;12.466; 0.023
027.030868;+37.635998;01480740+3738095 ;16.419; 0.105;15.615; 0.135;14.965; 0.110
027.010297;+37.655117;01480247+3739184 ;15.861; 0.058;15.138; 0.078;15.066; 0.111
027.027937;+37.642307;01480670+3738323 ;15.137; 0.033;14.401; 0.042;14.214; 0.050
027.020444;+37.635757;01480490+3738087 ;15.700; 0.061;15.048; 0.066;14.857; 0.094
027.093426;+37.630936;01482242+3737513 ;14.150; 0.024;13.511; 0.030;13.248; 0.030
027.088902;+37.641808;01482133+3738305 ;16.345; 0.087;15.515; 0.119;15.269; 0.135
