#RA DEC 2MASSID Jmag eJmag Hmag eHmag Kmag eKmag
334.346009;+35.493973;22172304+3529383 ;14.821; 0.036;14.572; 0.055;14.423; 0.080
334.339509;+35.493000;22172148+3529348 ;11.452; 0.022;10.886; 0.019;10.766; 0.016
334.321280;+35.495102;22171710+3529423 ;11.896; 0.022;11.399; 0.018;11.308; 0.018
334.333914;+35.496204;22172013+3529463 ;15.822; 0.067;15.243; 0.087;14.783; 0.119
334.333214;+35.492111;22171997+3529315 ;14.402; 0.030;14.009; 0.039;13.895; 0.051
334.229236;+35.533512;22165501+3532006 ;16.119; 0.078;15.501; 0.118;15.334; 0.180
334.238124;+35.534676;22165714+3532048 ;13.561; 0.024;13.245; 0.024;13.148; 0.033
334.232445;+35.539623;22165578+3532226 ;14.698; 0.035;14.137; 0.040;13.925; 0.057
334.241848;+35.560043;22165804+3533361 ;13.597; 0.024;13.280; 0.026;13.223; 0.031
334.243036;+35.528217;22165832+3531415 ;14.567; 0.030;14.154; 0.039;14.011; 0.057
334.229150;+35.536877;22165499+3532127 ;14.800; 0.034;14.333; 0.043;14.427; 0.079
334.227337;+35.561581;22165456+3533416 ;14.222; 0.028;13.515; 0.033;13.356; 0.034
334.228520;+35.544308;22165484+3532395 ;14.138; 0.028;13.480; 0.031;13.320; 0.036
334.249347;+35.531456;22165984+3531532 ;14.144; 0.028;13.680; 0.030;13.615; 0.046
334.304989;+35.541496;22171319+3532293 ;16.397; 0.106;15.833; 0.145;15.149; 0.164
334.309194;+35.542728;22171420+3532338 ;13.369; 0.024;12.922; 0.023;12.783; 0.026
334.275945;+35.550999;22170622+3533035 ;15.915; 0.073;15.362; 0.101;15.281; 0.177
334.278933;+35.521976;22170694+3531191 ;14.794; 0.034;14.424; 0.052;14.417; 0.085
334.277497;+35.526394;22170659+3531350 ;15.863; 0.067;15.124; 0.080;15.129; 0.152
334.263473;+35.500793;22170323+3530028 ;15.355; 0.048;14.912; 0.071;14.642; 0.104
334.267382;+35.528481;22170417+3531425 ;14.129; 0.043;13.441; 0.051;13.355; 0.050
334.276743;+35.514954;22170641+3530538 ;16.372; 0.103;16.024; 0.182;15.493; 0.203
334.260597;+35.504036;22170254+3530145 ;15.796; 0.062;15.380; 0.099;15.225; 0.168
334.274315;+35.562099;22170583+3533435 ;11.323; 0.022;10.974; 0.018;10.931; 0.016
334.285050;+35.539810;22170841+3532233 ;12.683; 0.022;12.250; 0.019;12.209; 0.021
334.259306;+35.520950;22170223+3531154 ;15.706; 0.062;15.483; 0.106;15.402; 0.180
334.256664;+35.525593;22170159+3531321 ;15.824; 0.065;15.258; 0.089;14.900; 0.129
334.346539;+35.518066;22172316+3531050 ;13.213; 0.023;12.892; 0.026;12.826; 0.026
334.350822;+35.515785;22172419+3530568 ;13.708; 0.026;13.195; 0.029;13.081; 0.030
334.339825;+35.507004;22172155+3530252 ;16.267; 0.097;15.855; 0.161;15.407; 0.196
334.316223;+35.500847;22171589+3530030 ;13.508; 0.024;13.159; 0.023;13.100; 0.031
334.368155;+35.517048;22172835+3531013 ;15.240; 0.045;15.108; 0.076;14.768; 0.112
334.321975;+35.506962;22171727+3530250 ;13.693; 0.026;13.373; 0.029;13.280; 0.037
334.322705;+35.560081;22171744+3533362 ;15.765; 0.067;15.147; 0.085;14.877; 0.127
334.328677;+35.538445;22171888+3532184 ;15.240; 0.043;14.812; 0.068;14.707; 0.107
334.334918;+35.500252;22172038+3530009 ;14.170; 0.027;13.820; 0.031;13.779; 0.049
334.319373;+35.553249;22171664+3533116 ;14.783; 0.034;14.538; 0.052;14.432; 0.082
334.358356;+35.540371;22172600+3532253 ;14.805; 0.033;14.471; 0.046;14.401; 0.077
334.325225;+35.545116;22171805+3532424 ;15.663; 0.062;15.094; 0.080;14.840; 0.121
334.405894;+35.532223;22173741+3531560 ;14.884; 0.037;14.503; 0.054;14.336; 0.073
334.427674;+35.559784;22174264+3533352 ;12.444; 0.021;11.973; 0.019;11.852; 0.017
334.425106;+35.531048;22174202+3531517 ;16.392; 0.094;16.027; 0.163;15.518; 0.206
334.399642;+35.529575;22173591+3531464 ;14.444; 0.027;13.871; 0.031;13.784; 0.046
334.408124;+35.519848;22173794+3531114 ;16.279; 0.085;16.059; 0.181;15.303; 0.177
334.408562;+35.524899;22173805+3531296 ;16.059; 0.073;15.356; 0.096;15.298; 0.165
334.418635;+35.543430;22174047+3532363 ;14.189; 0.023;13.881; 0.031;13.766; 0.048
334.422712;+35.560371;22174145+3533373 ;14.463; 0.028;13.990; 0.040;13.941; 0.056
334.412662;+35.509212;22173903+3530331 ;13.832; 0.026;13.506; 0.030;13.384; 0.036
334.414839;+35.512283;22173956+3530442 ;15.284; 0.044;14.734; 0.052;14.504; 0.084
334.394911;+35.507587;22173477+3530273 ;15.212; 0.043;14.492; 0.050;14.260; 0.071
334.409430;+35.546883;22173826+3532487 ;14.510; 0.029;14.150; 0.035;14.167; 0.066
334.395066;+35.511593;22173481+3530417 ;15.002; 0.037;14.600; 0.055;14.440; 0.083
334.423587;+35.557701;22174166+3533277 ;13.627; 0.021;13.056; 0.027;12.855; 0.025
334.437484;+35.556622;22174499+3533238 ;13.808; 0.027;13.476; 0.028;13.462; 0.036
334.437483;+35.535458;22174499+3532076 ;11.314; 0.023;10.886; 0.021;10.787; 0.016
334.376737;+35.531391;22173041+3531530 ;13.043; 0.023;12.779; 0.024;12.641; 0.024
334.430902;+35.522530;22174341+3531211 ;15.602; 0.053;15.226; 0.084;15.189; 0.163
334.377627;+35.517914;22173063+3531044 ;16.148; 0.072;15.468; 0.108;15.218; 0.167
334.388996;+35.504070;22173335+3530146 ;14.484; 0.029;14.174; 0.039;14.109; 0.059
334.392805;+35.522278;22173427+3531202 ;14.874; 0.031;14.520; 0.048;14.350; 0.077
334.423250;+35.517071;22174158+3531014 ;15.710; 0.054;15.235; 0.083;15.379; 0.189
334.219768;+35.622265;22165274+3537201 ;14.098; 0.028;13.643; 0.040;13.542; 0.043
334.217762;+35.618164;22165226+3537053 ;15.386; 0.052;15.044; 0.058;14.943; 0.104
334.214327;+35.611336;22165143+3536408 ;16.051; 0.071;15.397; 0.103;15.237; 0.141
334.219762;+35.581566;22165274+3534536 ;15.998; 0.077;15.362; 0.093;15.441; 0.172
334.245503;+35.571800;22165892+3534184 ;13.598; 0.026;13.233; 0.024;13.113; 0.030
334.211396;+35.591354;22165073+3535288 ;15.067; 0.031;14.387; 0.049;14.101; 0.045
334.215547;+35.571148;22165173+3534161 ;11.550; 0.021;11.259; 0.030;11.267; 0.023
334.289827;+35.563519;22170955+3533486 ;14.859; 0.036;14.286; 0.045;14.093; 0.059
334.304252;+35.572090;22171302+3534195 ;11.419; 0.022;11.045; 0.019;10.973; 0.018
334.306843;+35.574982;22171364+3534299 ;13.674; 0.026;13.281; 0.027;13.198; 0.037
334.288465;+35.584175;22170923+3535030 ;15.120; 0.048;14.523; 0.062;14.146; 0.066
334.265587;+35.619072;22170374+3537086 ;13.660; 0.026;13.290; 0.029;13.163; 0.031
334.281369;+35.598846;22170752+3535558 ;15.534; 0.057;15.208; 0.100;15.219; 0.165
334.275669;+35.570332;22170616+3534131 ;14.471; 0.028;14.187; 0.044;14.133; 0.064
334.262772;+35.588734;22170306+3535194 ;14.890; 0.037;14.256; 0.049;14.083; 0.059
334.278690;+35.593842;22170688+3535378 ;14.097; 0.026;13.734; 0.031;13.575; 0.045
334.257186;+35.606098;22170172+3536219 ;14.342; 0.028;14.061; 0.040;14.076; 0.064
334.257189;+35.572315;22170172+3534203 ;13.910; 0.027;13.496; 0.030;13.373; 0.037
334.270607;+35.605099;22170494+3536183 ;14.718; 0.032;14.224; 0.040;13.875; 0.052
334.258038;+35.596352;22170192+3535468 ;15.821; 0.072;15.381; 0.107;15.305; 0.188
334.360338;+35.598022;22172648+3535528 ;13.568; 0.024;13.202; 0.027;13.151; 0.034
334.329329;+35.590725;22171903+3535266 ;14.819; 0.035;14.203; 0.045;14.106; 0.066
334.351286;+35.575741;22172430+3534326 ;14.033; 0.028;13.700; 0.033;13.639; 0.045
334.349982;+35.617424;22172399+3537027 ;14.882; 0.035;14.650; 0.051;14.774; 0.107
334.341896;+35.609161;22172205+3536329 ;15.093; 0.040;14.745; 0.058;14.646; 0.094
334.327638;+35.624977;22171863+3537299 ;15.523; 0.056;14.737; 0.065;14.547; 0.093
334.353096;+35.611889;22172474+3536428 ;15.713; 0.063;15.182; 0.089;15.145; 0.145
334.372070;+35.608406;22172929+3536302 ;15.755; 0.056;15.134; 0.079;14.921; 0.125
334.332962;+35.624344;22171991+3537276 ;14.131; 0.027;13.859; 0.044;13.814; 0.050
334.322006;+35.620792;22171728+3537148 ;15.844; 0.069;15.114; 0.086;15.060; 0.150
334.323884;+35.592842;22171773+3535342 ;14.955; 0.041;14.264; 0.052;14.209; 0.073
334.410800;+35.615185;22173859+3536546 ;13.784; 0.031;13.215; 0.033;12.985; 0.033
334.398623;+35.605392;22173566+3536194 ;15.585; 0.048;14.831; 0.057;14.542; 0.090
334.405407;+35.608070;22173729+3536290 ;13.349; 0.021;13.124; 0.026;13.005; 0.029
334.402187;+35.620705;22173652+3537145 ;12.734; 0.021;12.469; 0.022;12.363; 0.020
334.375448;+35.609196;22173010+3536331 ;16.183; 0.077;15.434; 0.103;15.175; 0.159
334.400616;+35.601467;22173614+3536052 ;15.702; 0.058;15.256; 0.093;15.035; 0.136
334.414959;+35.613113;22173959+3536472 ;15.125; 0.040;14.855; 0.067;14.422; 0.089
334.424620;+35.602455;22174190+3536088 ;13.169; 0.023;12.858; 0.021;12.786; 0.024
334.375330;+35.574352;22173007+3534276 ;14.353; 0.028;14.016; 0.040;14.034; 0.058
334.388581;+35.592999;22173325+3535347 ;15.902; 0.069;15.490; 0.112;15.124; 0.149
334.411584;+35.571636;22173878+3534178 ;16.189; 0.084;15.372; 0.102;15.061; 0.142
334.425757;+35.609852;22174218+3536354 ;15.114; 0.039;14.716; 0.059;14.464; 0.090
334.422913;+35.566116;22174149+3533580 ;12.854; 0.021;12.634; 0.024;12.545; 0.023
334.435442;+35.569565;22174450+3534104 ;14.852; 0.034;14.459; 0.041;14.392; 0.080
334.451452;+35.567898;22174834+3534044 ;14.742; 0.033;14.424; 0.044;14.258; 0.071
334.443779;+35.570683;22174650+3534144 ;15.589; 0.057;15.205; 0.076;15.295; 0.178
334.444810;+35.572578;22174675+3534212 ;16.235; 0.085;15.635; 0.122;15.428; 0.199
334.448839;+35.581234;22174772+3534524 ;15.246; 0.044;15.010; 0.077;14.759; 0.114
334.447003;+35.611584;22174728+3536417 ;14.558; 0.024;13.909; 0.039;13.617; 0.042
334.226948;+35.628723;22165446+3537434 ;16.182; 0.092;15.847; 0.155;15.236; 0.161
334.298178;+35.656509;22171156+3539234 ;15.158; 0.040;14.505; 0.049;14.389; 0.078
334.299463;+35.627563;22171187+3537392 ; 8.069; 0.018; 7.286; 0.023; 7.135; 0.016
334.289986;+35.665489;22170959+3539557 ;14.341; 0.028;13.768; 0.029;13.669; 0.041
334.306627;+35.676514;22171359+3540354 ;16.030; 0.077;15.702; 0.137;15.397; 0.202
334.278099;+35.668930;22170674+3540081 ;15.963; 0.077;15.554; 0.126;14.990; 0.134
334.257194;+35.657555;22170172+3539271 ;14.535; 0.030;14.226; 0.044;14.169; 0.068
334.265313;+35.653896;22170367+3539140 ;15.067; 0.039;14.773; 0.059;14.817; 0.108
334.271802;+35.634315;22170523+3538035 ;13.039; 0.022;12.504; 0.023;12.413; 0.023
334.347681;+35.671444;22172344+3540171 ;15.527; 0.049;15.025; 0.074;14.947; 0.128
334.344671;+35.664215;22172272+3539511 ;10.167; 0.021; 9.591; 0.016; 9.477; 0.015
334.365390;+35.671043;22172769+3540157 ;14.688; 0.030;14.242; 0.039;14.112; 0.066
334.354005;+35.632519;22172496+3537570 ;15.360; 0.049;15.143; 0.083;14.812; 0.114
334.359281;+35.647099;22172622+3538495 ;13.638; 0.026;13.297; 0.031;13.183; 0.029
334.360055;+35.670502;22172641+3540138 ;15.744; 0.061;15.199; 0.087;14.749; 0.108
334.360144;+35.661125;22172643+3539400 ;16.183; 0.089;15.627; 0.134;15.496; 0.205
334.361864;+35.636517;22172684+3538114 ;13.623; 0.023;13.138; 0.026;13.113; 0.034
334.367835;+35.643311;22172828+3538359 ;14.649; 0.033;14.429; 0.053;14.297; 0.072
334.343574;+35.632469;22172245+3537568 ;16.096; 0.083;15.517; 0.119;15.454; 0.211
334.335932;+35.629215;22172062+3537451 ;14.071; 0.027;13.752; 0.037;13.699; 0.046
334.323496;+35.628029;22171763+3537409 ;16.117; 0.087;15.705; 0.134;15.469; 0.212
334.333882;+35.631405;22172013+3537530 ;15.661; 0.060;15.313; 0.097;15.199; 0.169
334.316751;+35.644749;22171602+3538410 ;14.066; 0.028;13.806; 0.033;13.801; 0.048
334.318882;+35.656040;22171653+3539217 ;15.528; 0.054;15.113; 0.085;15.051; 0.144
334.324205;+35.659954;22171780+3539358 ;15.382; 0.048;15.014; 0.078;15.080; 0.148
334.419016;+35.645905;22174056+3538452 ;14.288; 0.028;13.971; 0.034;13.822; 0.047
334.418364;+35.641247;22174040+3538284 ;13.598; 0.024;13.012; 0.027;12.745; 0.025
334.381427;+35.652306;22173154+3539083 ;15.896; 0.067;15.351; 0.092;15.154; 0.158
334.383945;+35.649967;22173214+3538598 ;14.162; 0.025;13.854; 0.035;13.615; 0.041
334.395000;+35.650185;22173480+3539006 ;15.455; 0.060;15.019; 0.080;14.764; 0.109
334.409808;+35.641445;22173835+3538292 ;13.165; 0.023;12.862; 0.022;12.829; 0.024
334.415319;+35.639458;22173967+3538220 ;12.813; 0.021;12.438; 0.021;12.377; 0.021
