#RA DEC 2MASSID Jmag eJmag Hmag eHmag Kmag eKmag
357.649821;+46.679588;23503595+4640465 ;11.715; 0.030;11.356; 0.031;11.343; 0.029
357.652754;+46.675266;23503666+4640309 ;13.697; 0.025;13.394; 0.028;13.411; 0.038
357.660256;+46.672756;23503846+4640219 ;13.784; 0.028;13.566; 0.028;13.514; 0.042
357.683792;+46.657028;23504411+4639253 ;15.030; 0.035;14.755; 0.064;14.696; 0.083
357.675929;+46.642136;23504222+4638316 ;15.566; 0.052;14.893; 0.057;14.795; 0.097
357.676298;+46.666500;23504231+4639594 ;10.501; 0.025; 9.693; 0.024; 9.489; 0.022
357.684399;+46.668198;23504425+4640055 ;15.140; 0.042;14.773; 0.047;14.671; 0.073
357.705145;+46.638725;23504923+4638194 ;16.120; 0.088;15.779; 0.132;15.348; 0.136
357.726373;+46.655338;23505432+4639192 ;16.104; 0.077;15.594; 0.118;15.333; 0.147
357.725260;+46.658958;23505406+4639322 ;15.310; 0.049;14.841; 0.068;14.628; 0.075
357.732929;+46.644005;23505590+4638384 ;15.095; 0.045;14.678; 0.052;14.505; 0.067
357.730929;+46.674801;23505542+4640292 ;16.118; 0.079;15.650; 0.118;15.361; 0.154
357.734126;+46.640465;23505619+4638256 ;13.978; 0.023;13.325; 0.033;13.167; 0.024
357.743683;+46.682686;23505848+4640576 ;14.001; 0.030;13.680; 0.028;13.620; 0.038
357.717855;+46.654984;23505228+4639179 ;15.419; 0.052;14.747; 0.057;14.602; 0.078
357.712586;+46.656441;23505102+4639231 ;16.188; 0.092;15.728; 0.134;15.047; 0.114
357.776181;+46.629807;23510628+4637473 ;15.669; 0.053;15.255; 0.088;15.053; 0.116
357.760340;+46.652779;23510248+4639100 ;16.094; 0.083;15.699; 0.137;15.627; 0.184
357.760050;+46.685432;23510241+4641075 ;15.394; 0.054;15.025; 0.075;15.075; 0.112
357.794390;+46.627579;23511065+4637392 ;15.784; 0.064;15.495; 0.112;15.461; 0.161
357.798300;+46.675518;23511159+4640318 ;15.636; 0.051;15.451; 0.106;15.224; 0.143
357.779791;+46.634476;23510714+4638041 ;16.586; 0.122;15.999; 0.195;15.741; 0.208
357.757847;+46.625641;23510188+4637323 ; 9.763; 0.023; 9.614; 0.021; 9.506; 0.019
357.755431;+46.684364;23510130+4641037 ;13.492; 0.028;13.035; 0.021;12.975; 0.028
357.761003;+46.687050;23510264+4641133 ;15.956; 0.076;15.575; 0.124;15.576; 0.178
357.760489;+46.640762;23510251+4638267 ;15.759; 0.068;15.170; 0.086;14.911; 0.108
357.752555;+46.680485;23510061+4640497 ;12.934; 0.023;12.724; 0.022;12.708; 0.028
357.784803;+46.681854;23510835+4640546 ;14.994; 0.037;14.214; 0.055;14.201; 0.060
357.810144;+46.678795;23511443+4640436 ;13.253; 0.022;12.933; 0.030;12.881; 0.026
357.811743;+46.672173;23511481+4640198 ;15.314; 0.048;14.606; 0.049;14.496; 0.077
357.793710;+46.670513;23511049+4640138 ;13.710; 0.028;13.373; 0.033;13.324; 0.030
357.765049;+46.672775;23510361+4640219 ;16.647; 0.122;16.065; 0.173;15.683; 0.196
357.765755;+46.677219;23510378+4640379 ;12.838; 0.023;12.543; 0.021;12.517; 0.020
357.789184;+46.669910;23510940+4640116 ;12.467; 0.022;12.225; 0.021;12.155; 0.025
357.808946;+46.642166;23511414+4638317 ;16.215; 0.099;15.376; 0.106;15.223; 0.139
357.792718;+46.682560;23511025+4640572 ;15.246; 0.047;14.902; 0.058;14.878; 0.106
357.768512;+46.640713;23510444+4638265 ;15.567; 0.056;15.275; 0.089;15.107; 0.130
357.784868;+46.634869;23510836+4638055 ;16.944; 0.178;15.899; 0.172;15.405; 0.185
357.773317;+46.665565;23510559+4639560 ;14.648; 0.032;14.016; 0.047;13.862; 0.050
357.801541;+46.627743;23511236+4637398 ;15.038; 0.042;14.686; 0.061;14.518; 0.074
357.801564;+46.629707;23511237+4637469 ;15.692; 0.058;15.392; 0.100;15.545; 0.179
357.825745;+46.686352;23511817+4641108 ;15.788; 0.058;15.416; 0.099;15.131; 0.131
357.864558;+46.675358;23512749+4640312 ;14.205; 0.027;13.921; 0.041;13.913; 0.051
357.868104;+46.673882;23512834+4640259 ;14.860; 0.035;14.462; 0.054;14.360; 0.063
357.859664;+46.675438;23512631+4640315 ;13.379; 0.025;13.035; 0.024;13.005; 0.026
357.852889;+46.660507;23512469+4639378 ;13.723; 0.023;13.146; 0.028;12.968; 0.028
357.857366;+46.685596;23512576+4641081 ;16.016; 0.076;15.402; 0.108;15.258; 0.144
357.843307;+46.684174;23512239+4641030 ;13.017; 0.023;12.719; 0.024;12.675; 0.026
357.829247;+46.647785;23511901+4638520 ;13.563; 0.027;12.986; 0.030;12.740; 0.021
357.823138;+46.683323;23511755+4640599 ;15.720; 0.055;15.206; 0.089;15.093; 0.125
357.824811;+46.673187;23511795+4640234 ;15.743; 0.062;15.387; 0.098;15.571; 0.183
357.841296;+46.668938;23512191+4640081 ;16.279; 0.090;15.806; 0.140;15.709; 0.199
357.835120;+46.682358;23512042+4640564 ;15.189; 0.051;14.516; 0.066;14.419; 0.084
357.832655;+46.677052;23511983+4640373 ;15.599; 0.047;14.831; 0.057;14.778; 0.091
357.894374;+46.687168;23513464+4641138 ;15.970; 0.075;15.461; 0.101;15.455; 0.164
357.620677;+46.748974;23502896+4644563 ;15.463; 0.050;15.230; 0.083;15.249; 0.122
357.679246;+46.713963;23504301+4642502 ;14.259; 0.030;13.667; 0.030;13.287; 0.036
357.674279;+46.716202;23504182+4642583 ;15.464; 0.049;15.175; 0.085;15.055; 0.117
357.630163;+46.744148;23503123+4644389 ;13.233; 0.025;12.804; 0.024;12.704; 0.020
357.664040;+46.724316;23503936+4643275 ;14.476; 0.030;14.213; 0.037;14.193; 0.057
357.659711;+46.692188;23503833+4641318 ;16.694; 0.131;15.688; 0.136;15.641; 0.192
357.658917;+46.696381;23503814+4641469 ;14.574; 0.032;13.916; 0.031;13.770; 0.042
357.673995;+46.738106;23504175+4644171 ;15.288; 0.040;14.693; 0.052;14.595; 0.073
357.648992;+46.743904;23503575+4644380 ;15.141; 0.036;14.800; 0.068;14.846; 0.096
357.645902;+46.712524;23503501+4642450 ;15.799; 0.068;15.417; 0.111;15.094; 0.128
357.647198;+46.726665;23503532+4643359 ;16.076; 0.076;15.592; 0.114;15.589; 0.191
357.682871;+46.735928;23504388+4644093 ;15.865; 0.066;15.483; 0.100;15.533; 0.183
357.638462;+46.741066;23503323+4644278 ;15.229; 0.048;14.654; 0.060;14.821; 0.094
357.684598;+46.737438;23504430+4644147 ;16.262; 0.093;15.418; 0.102;15.569; 0.188
357.664340;+46.748276;23503944+4644537 ;14.944; 0.036;14.629; 0.061;14.799; 0.099
357.635585;+46.701893;23503254+4642068 ;15.043; 0.034;14.671; 0.041;14.489; 0.076
357.665337;+46.706703;23503968+4642241 ;13.803; 0.025;13.305; 0.028;13.290; 0.033
357.668423;+46.703773;23504042+4642135 ;15.337; 0.050;14.671; 0.054;14.341; 0.074
357.670607;+46.702599;23504094+4642093 ;15.269; 0.060;14.698; 0.062;14.661; 0.091
357.668295;+46.724117;23504039+4643268 ;16.415; 0.119;15.757; 0.144;15.610; 0.173
357.635483;+46.693256;23503251+4641357 ; 9.084; 0.027; 9.090; 0.022; 9.060; 0.022
357.670624;+46.749767;23504094+4644591 ;15.567; 0.056;15.020; 0.068;14.861; 0.087
357.690003;+46.733929;23504560+4644021 ;11.835; 0.022;11.583; 0.024;11.555; 0.020
357.688197;+46.726456;23504516+4643352 ;12.302; 0.025;12.062; 0.026;12.052; 0.025
357.749716;+46.730850;23505993+4643510 ;16.115; 0.082;15.442; 0.088;15.417; 0.161
357.699924;+46.711037;23504798+4642397 ; 8.479; 0.019; 7.910; 0.036; 7.794; 0.033
357.722012;+46.721638;23505328+4643178 ;14.355; 0.027;13.895; 0.034;13.753; 0.044
357.744079;+46.709068;23505857+4642326 ;15.514; 0.056;14.904; 0.060;14.615; 0.068
357.749858;+46.732956;23505996+4643586 ;15.379; 0.055;14.830; 0.057;14.461; 0.071
357.725355;+46.701771;23505408+4642063 ;15.834; 0.066;15.297; 0.086;15.338; 0.157
357.742084;+46.722599;23505810+4643213 ;15.902; 0.073;15.274; 0.087;15.203; 0.118
357.735050;+46.722496;23505641+4643209 ;16.027; 0.082;15.592; 0.106;15.125; 0.120
357.746711;+46.736542;23505921+4644115 ;15.916; 0.068;15.327; 0.092;15.238; 0.141
357.737029;+46.737709;23505688+4644157 ;13.871; 0.025;13.597; 0.024;13.522; 0.036
357.704608;+46.697445;23504910+4641508 ;15.422; 0.043;15.144; 0.088;15.119; 0.122
357.738102;+46.740459;23505714+4644256 ;16.075; 0.087;15.613; 0.130;15.399; 0.155
357.738433;+46.720875;23505722+4643151 ;15.323; 0.051;14.685; 0.055;14.467; 0.078
357.725569;+46.729343;23505413+4643456 ;16.641; 0.148;15.764; 0.138;15.321; 0.143
357.749536;+46.688774;23505988+4641195 ;14.975; 0.038;14.484; 0.047;14.532; 0.072
357.706129;+46.721409;23504947+4643170 ;14.819; 0.040;14.328; 0.041;14.129; 0.059
357.715855;+46.724293;23505180+4643274 ;16.276; 0.102;15.651; 0.112;15.603; 0.191
357.720560;+46.738068;23505293+4644170 ;14.711; 0.031;14.337; 0.047;14.296; 0.057
357.694144;+46.693386;23504659+4641361 ;14.972; 0.042;14.535; 0.057;14.754; 0.086
357.765431;+46.688011;23510370+4641168 ;15.138; 0.040;14.645; 0.048;14.615; 0.077
357.751336;+46.699043;23510032+4641565 ;16.656; 0.135;15.706; 0.122;15.497; 0.173
357.776450;+46.716118;23510634+4642580 ;15.997; 0.071;16.028; 0.172;15.624; 0.194
357.791339;+46.717201;23510992+4643019 ;16.798; 0.146;15.906; 0.146;15.649; 0.188
357.779720;+46.709743;23510713+4642350 ;12.338; 0.030;11.991; 0.031;11.941; 0.029
357.772543;+46.747215;23510541+4644499 ;13.761; 0.028;13.575; 0.031;13.538; 0.033
357.810859;+46.737244;23511460+4644140 ;14.082; 0.025;13.500; 0.026;13.298; 0.032
357.791445;+46.711929;23510994+4642429 ;15.740; 0.060;15.291; 0.089;14.927; 0.105
357.799806;+46.727497;23511195+4643389 ;15.760; 0.059;15.515; 0.111;15.225; 0.148
357.769056;+46.707912;23510457+4642284 ;15.762; 0.060;14.970; 0.061;14.881; 0.093
357.762291;+46.728252;23510294+4643417 ;12.615; 0.022;12.317; 0.022;12.265; 0.022
357.763332;+46.723686;23510319+4643252 ;14.517; 0.098;13.898; 0.122;13.558; 0.106
357.752269;+46.702736;23510054+4642098 ;14.276; 0.030;13.924; 0.028;13.909; 0.043
357.855673;+46.726620;23512536+4643358 ;15.282; 0.058;14.636; 0.071;14.423; 0.082
357.814897;+46.693104;23511557+4641351 ;16.064; 0.087;15.494; 0.137;14.774; 0.095
357.860376;+46.720211;23512649+4643127 ;15.089; 0.038;14.694; 0.049;14.710; 0.077
357.859840;+46.713734;23512636+4642494 ;16.334; 0.096;15.565; 0.113;15.461; 0.156
357.830834;+46.693897;23511940+4641380 ; 9.112; 0.027; 8.585; 0.026; 8.472; 0.020
357.871813;+46.714130;23512923+4642508 ;16.149; 0.085;15.721; 0.121;15.683; 0.206
357.865831;+46.721664;23512779+4643179 ;15.549; 0.056;15.100; 0.085;14.888; 0.101
357.821196;+46.690235;23511708+4641248 ;15.330; 0.042;14.792; 0.052;14.703; 0.082
357.829599;+46.744228;23511910+4644392 ;14.944; 0.031;14.536; 0.058;14.664; 0.084
357.815053;+46.711235;23511561+4642404 ;12.232; 0.023;11.624; 0.024;11.488; 0.023
357.845818;+46.721844;23512299+4643186 ;15.290; 0.051;14.915; 0.077;14.733; 0.083
357.835496;+46.728298;23512051+4643418 ;16.124; 0.087;15.723; 0.130;15.453; 0.154
357.826020;+46.708664;23511824+4642311 ;15.382; 0.050;14.831; 0.061;14.899; 0.091
357.847650;+46.736439;23512343+4644111 ;15.992; 0.081;15.595; 0.119;15.059; 0.119
357.828970;+46.732006;23511895+4643552 ;15.980; 0.086;15.479; 0.103;15.192; 0.132
357.849445;+46.727524;23512386+4643390 ;14.879; 0.039;14.225; 0.050;14.143; 0.057
357.880327;+46.733562;23513127+4644008 ;11.406; 0.023;10.761; 0.020;10.675; 0.019
357.894518;+46.692959;23513468+4641346 ;15.750; 0.059;15.155; 0.075;14.908; 0.093
357.875789;+46.691925;23513018+4641309 ;15.574; 0.052;14.934; 0.058;14.809; 0.089
357.900050;+46.740131;23513601+4644244 ;16.851; 0.156;15.882; 0.151;15.457; 0.152
357.887078;+46.704147;23513289+4642149 ;14.666; 0.031;13.967; 0.036;13.736; 0.037
357.880693;+46.692516;23513136+4641330 ;14.348; 0.029;13.970; 0.037;13.902; 0.048
357.652295;+46.784893;23503655+4647056 ;15.621; 0.054;14.975; 0.074;14.951; 0.100
357.659929;+46.795242;23503838+4647428 ;13.944; 0.036;13.312; 0.033;13.090; 0.038
357.670717;+46.754910;23504097+4645176 ;14.503; 0.032;14.285; 0.048;14.253; 0.059
357.685517;+46.786507;23504452+4647114 ;16.208; 0.084;15.598; 0.118;15.223; 0.142
357.678022;+46.763760;23504272+4645495 ;15.973; 0.079;15.374; 0.101;15.394; 0.173
357.667211;+46.767120;23504013+4646016 ;14.306; 0.031;14.113; 0.043;14.134; 0.059
357.685920;+46.759289;23504462+4645334 ;16.026; 0.077;15.728; 0.136;15.689; 0.191
357.687337;+46.774975;23504496+4646299 ;13.707; 0.025;13.092; 0.028;12.912; 0.029
357.668156;+46.779537;23504035+4646463 ;14.896; 0.040;14.571; 0.071;14.511; 0.084
357.665678;+46.790646;23503976+4647263 ;11.976; 0.025;11.723; 0.024;11.698; 0.026
357.635698;+46.770916;23503256+4646152 ;16.456; 0.112;15.589; 0.113;15.683; 0.206
357.714486;+46.802200;23505147+4648079 ;16.088; 0.073;15.612; 0.103;15.453; 0.157
357.741600;+46.807499;23505798+4648269 ;16.720; 0.133;16.022; 0.167;15.635; 0.189
357.722336;+46.810658;23505336+4648383 ;15.207; 0.039;14.848; 0.069;14.803; 0.095
357.746849;+46.811531;23505924+4648415 ;12.114; 0.022;11.644; 0.021;11.525; 0.017
357.712242;+46.808704;23505093+4648313 ;14.792; 0.037;14.386; 0.050;14.336; 0.063
357.711130;+46.802319;23505067+4648083 ;16.768; 0.139;16.153; 0.196;15.774; 0.216
357.697311;+46.808365;23504735+4648301 ;10.373; 0.022; 9.832; 0.024; 9.739; 0.018
357.718288;+46.754654;23505238+4645167 ;16.071; 0.077;15.773; 0.132;15.455; 0.188
357.690998;+46.771908;23504583+4646188 ;12.037; 0.022;11.755; 0.022;11.718; 0.022
357.739567;+46.760036;23505749+4645361 ;14.396; 0.028;14.101; 0.031;13.986; 0.054
357.687638;+46.784904;23504503+4647056 ;14.937; 0.034;14.610; 0.048;14.512; 0.072
357.731518;+46.773579;23505556+4646248 ;15.979; 0.076;15.370; 0.090;15.692; 0.187
357.715844;+46.775822;23505180+4646329 ;15.411; 0.055;14.961; 0.064;15.023; 0.106
357.727758;+46.754902;23505466+4645176 ;15.640; 0.065;15.067; 0.076;15.094; 0.114
357.742802;+46.771004;23505827+4646156 ;15.553; 0.048;14.826; 0.055;14.624; 0.072
357.712977;+46.752537;23505111+4645091 ;15.792; 0.058;15.366; 0.093;15.249; 0.131
357.711752;+46.762810;23505082+4645461 ;11.437; 0.022;10.845; 0.021;10.738; 0.020
357.703536;+46.773296;23504884+4646238 ;13.291; 0.023;12.764; 0.028;12.644; 0.026
357.727395;+46.750652;23505457+4645023 ;15.399; 0.044;15.006; 0.072;14.995; 0.105
357.740935;+46.790882;23505782+4647271 ;15.587; 0.060;15.070; 0.065;14.926; 0.100
357.752266;+46.760513;23510054+4645378 ;16.157; 0.090;16.068; 0.171;15.547; 0.161
357.776825;+46.759266;23510643+4645333 ;13.890; 0.027;13.493; 0.034;13.464; 0.037
357.762486;+46.804348;23510299+4648156 ;15.449; 0.048;14.742; 0.050;14.459; 0.069
357.790798;+46.806576;23510979+4648236 ;15.300; 0.048;14.909; 0.068;14.781; 0.097
357.782364;+46.765739;23510776+4645566 ;14.814; 0.034;14.147; 0.036;13.901; 0.044
357.776599;+46.792866;23510638+4647343 ;16.061; 0.087;15.414; 0.085;15.381; 0.154
357.777798;+46.785240;23510667+4647068 ;15.683; 0.054;15.253; 0.076;15.127; 0.118
357.765367;+46.799168;23510368+4647570 ;15.467; 0.057;15.000; 0.083;14.747; 0.084
357.753882;+46.792545;23510093+4647331 ;15.531; 0.048;14.946; 0.059;15.124; 0.111
357.800889;+46.774776;23511221+4646291 ;14.582; 0.035;14.228; 0.031;14.186; 0.058
357.758994;+46.790501;23510215+4647258 ;16.037; 0.081;15.889; 0.164;15.492; 0.164
357.761266;+46.751812;23510270+4645065 ;16.388; 0.095;16.040; 0.158;15.742; 0.217
357.761992;+46.759563;23510287+4645344 ;15.756; 0.067;15.449; 0.113;14.968; 0.101
357.800845;+46.789452;23511220+4647220 ;14.953; 0.042;14.727; 0.057;14.608; 0.078
357.800307;+46.777199;23511207+4646379 ;16.011; 0.073;15.306; 0.088;15.024; 0.106
357.763658;+46.765182;23510327+4645546 ;16.269; 0.102;15.469; 0.102;15.204; 0.123
357.795857;+46.760914;23511100+4645392 ;15.050; 0.038;14.287; 0.049;14.060; 0.053
357.806618;+46.805588;23511358+4648201 ;16.444; 0.109;16.039; 0.187;15.539; 0.189
357.782516;+46.791851;23510780+4647306 ;16.433; 0.102;15.678; 0.118;15.531; 0.164
357.856830;+46.773911;23512563+4646260 ;12.859; 0.022;12.582; 0.026;12.556; 0.026
357.861838;+46.770573;23512684+4646140 ;13.349; 0.023;12.908; 0.028;12.855; 0.029
357.865360;+46.776413;23512768+4646350 ;15.031; 0.035;14.710; 0.052;14.644; 0.074
357.816208;+46.806686;23511588+4648240 ;13.756; 0.025;13.301; 0.024;13.273; 0.029
357.865701;+46.754562;23512776+4645164 ;16.142; 0.071;15.573; 0.106;15.346; 0.140
357.855327;+46.765312;23512527+4645551 ;14.402; 0.030;13.969; 0.034;13.947; 0.049
357.837842;+46.762173;23512108+4645438 ;15.855; 0.067;15.410; 0.095;15.079; 0.114
357.816973;+46.801479;23511607+4648053 ;16.275; 0.098;15.893; 0.143;15.587; 0.189
357.819714;+46.799496;23511673+4647581 ;15.226; 0.044;14.792; 0.069;14.521; 0.072
357.819452;+46.753654;23511666+4645131 ;14.924; 0.035;14.464; 0.045;14.508; 0.069
357.815643;+46.778599;23511575+4646429 ;16.038; 0.075;15.650; 0.118;15.465; 0.168
357.826483;+46.762142;23511835+4645437 ;16.909; 0.157;16.119; 0.196;15.746; 0.214
357.819180;+46.761414;23511660+4645410 ;16.155; 0.082;15.773; 0.129;15.518; 0.171
357.836222;+46.769650;23512069+4646107 ;15.361; 0.062;14.895; 0.068;14.783; 0.093
357.837310;+46.787643;23512095+4647155 ;14.347; 0.027;13.941; 0.045;13.851; 0.043
357.887539;+46.754646;23513300+4645167 ;13.745; 0.026;13.439; 0.027;13.363; 0.034
357.798042;+46.815731;23511153+4648566 ;16.278; 0.102;15.512; 0.098;15.562; 0.187
