#RA DEC 2MASSID Jmag eJmag Hmag eHmag Kmag eKmag
245.678994;+18.863005;16224295+1851468 ;11.765; 0.023;11.282; 0.031;11.161; 0.021
245.636591;+18.874083;16223278+1852266 ;15.006; 0.044;14.400; 0.049;14.161; 0.051
245.697302;+18.862703;16224735+1851457 ;16.394; 0.100;15.697; 0.118;15.488; 0.159
245.701715;+18.867691;16224841+1852036 ;13.410; 0.024;12.994; 0.032;12.933; 0.029
245.702265;+18.871874;16224854+1852187 ;14.797; 0.038;14.360; 0.044;14.295; 0.053
245.620633;+18.881178;16222895+1852522 ;14.292; 0.026;13.737; 0.035;13.433; 0.033
245.599171;+18.897238;16222380+1853500 ;15.147; 0.032;14.854; 0.056;14.664; 0.071
245.615729;+18.924782;16222777+1855292 ;13.278; 0.024;12.690; 0.030;12.418; 0.023
245.614484;+18.901604;16222747+1854057 ;10.097; 0.023; 9.547; 0.032; 9.400; 0.021
245.585400;+18.924246;16222049+1855272 ;15.555; 0.054;15.011; 0.070;14.908; 0.096
245.639230;+18.875916;16223341+1852332 ;15.402; 0.056;15.079; 0.075;15.118; 0.116
245.646247;+18.886086;16223509+1853099 ;15.180; 0.039;14.523; 0.054;14.257; 0.061
245.637764;+18.892239;16223306+1853320 ;15.978; 0.074;15.131; 0.066;15.042; 0.102
245.632747;+18.933590;16223185+1856009 ;15.593; 0.059;15.171; 0.069;15.223; 0.128
245.652932;+18.908018;16223670+1854288 ;16.555; 0.110;15.799; 0.126;15.645; 0.173
245.647098;+18.905518;16223530+1854198 ;16.088; 0.071;15.328; 0.082;15.262; 0.124
245.745048;+18.890484;16225881+1853257 ;15.049; 0.036;14.604; 0.052;14.547; 0.072
245.745040;+18.886564;16225880+1853116 ;15.136; 0.035;14.881; 0.055;14.839; 0.080
245.714711;+18.899965;16225153+1853598 ;15.509; 0.049;14.845; 0.062;14.528; 0.067
245.731873;+18.901354;16225564+1854048 ;16.473; 0.112;15.706; 0.125;15.682; 0.177
245.748834;+18.931747;16225972+1855542 ;13.483; 0.027;13.114; 0.033;13.101; 0.030
245.737662;+18.933104;16225703+1855591 ;15.129; 0.042;14.566; 0.042;14.527; 0.067
245.781686;+18.935654;16230760+1856083 ;13.754; 0.026;13.247; 0.033;13.153; 0.025
245.768377;+18.922661;16230441+1855215 ;13.884; 0.027;13.326; 0.032;13.191; 0.025
245.765555;+18.917162;16230373+1855017 ;14.463; 0.034;13.827; 0.037;13.749; 0.034
245.759907;+18.936504;16230237+1856114 ;15.195; 0.047;14.851; 0.056;14.780; 0.084
245.765206;+18.910343;16230364+1854372 ;15.573; 0.060;15.261; 0.088;15.176; 0.102
245.758352;+18.915680;16230200+1854564 ;16.234; 0.086;15.275; 0.092;15.341; 0.130
245.752495;+18.935099;16230059+1856063 ;15.537; 0.056;14.940; 0.056;14.726; 0.073
245.623529;+18.958565;16222964+1857308 ;14.057; 0.031;13.340; 0.035;13.087; 0.030
245.618998;+18.973829;16222855+1858257 ;14.704; 0.038;14.001; 0.041;13.778; 0.039
245.597529;+18.996189;16222340+1859462 ;16.261; 0.094;15.545; 0.083;15.324; 0.132
245.611706;+18.984152;16222680+1859029 ;16.612; 0.121;16.184; 0.164;15.796; 0.208
245.619169;+18.978094;16222860+1858411 ;11.281; 0.023;10.920; 0.032;10.888; 0.021
245.587145;+18.949785;16222091+1856592 ;14.697; 0.036;14.091; 0.040;13.888; 0.036
245.580876;+18.952137;16221941+1857076 ;16.595; 0.125;15.940; 0.155;15.627; 0.179
245.657705;+18.967430;16223784+1858027 ;15.838; 0.055;15.176; 0.088;14.765; 0.080
245.643793;+18.971294;16223451+1858166 ;13.682; 0.023;13.096; 0.035;12.872; 0.024
245.633461;+18.942999;16223203+1856347 ;15.431; 0.051;15.022; 0.070;14.979; 0.105
245.643363;+18.948212;16223440+1856535 ;15.920; 0.074;15.395; 0.092;15.155; 0.124
245.634770;+18.944960;16223234+1856418 ;16.035; 0.079;15.582; 0.108;15.705; 0.217
245.632668;+18.963816;16223184+1857497 ;16.162; 0.085;15.763; 0.114;15.608; 0.172
245.664005;+18.975119;16223936+1858304 ;16.116; 0.078;15.290; 0.089;15.281; 0.132
245.675077;+18.940521;16224201+1856258 ;15.718; 0.064;14.923; 0.062;14.818; 0.080
245.627744;+18.998400;16223065+1859542 ;13.898; 0.026;13.443; 0.037;13.359; 0.040
245.667269;+18.972021;16224014+1858192 ;16.727; 0.131;16.166; 0.184;15.815; 0.213
245.678507;+18.969528;16224284+1858103 ;13.004; 0.024;12.659; 0.032;12.644; 0.024
245.734991;+18.968199;16225639+1858055 ;14.467; 0.035;14.022; 0.040;14.071; 0.049
245.731954;+18.970245;16225566+1858128 ;16.506; 0.116;16.139; 0.195;15.322; 0.138
245.716012;+18.955994;16225184+1857215 ;12.882; 0.026;12.501; 0.033;12.438; 0.020
245.739320;+18.955685;16225743+1857204 ;17.137; 0.190;16.099; 0.170;15.482; 0.153
245.723554;+18.988308;16225365+1859179 ;14.532; 0.035;13.861; 0.041;13.779; 0.038
245.708000;+18.994623;16224992+1859406 ;16.156; 0.085;15.728; 0.138;15.291; 0.136
245.693697;+18.978865;16224648+1858439 ;16.110; 0.079;15.659; 0.126;15.269; 0.136
245.778089;+18.952612;16230674+1857094 ;13.274; 0.027;12.633; 0.031;12.436; 0.025
245.771382;+18.984562;16230513+1859044 ;11.603; 0.026;11.099; 0.031;11.043; 0.020
245.767401;+18.979511;16230417+1858462 ;13.832; 0.029;13.384; 0.033;13.380; 0.030
245.777456;+18.984976;16230658+1859059 ;15.850; 0.068;15.471; 0.094;15.726; 0.186
245.773936;+18.950918;16230574+1857033 ;13.255; 0.027;12.630; 0.033;12.409; 0.024
245.750448;+18.960659;16230010+1857383 ;13.725; 0.027;13.369; 0.029;13.292; 0.028
245.614760;+19.001040;16222754+1900037 ;16.180; 0.088;15.607; 0.104;15.422; 0.159
245.622060;+19.020662;16222929+1901143 ;16.563; 0.109;15.945; 0.151;15.591; 0.165
245.623154;+19.036634;16222955+1902118 ;16.999; 0.184;16.283; 0.162;15.425; 0.150
245.606744;+19.018223;16222561+1901056 ;13.719; 0.028;13.091; 0.032;12.919; 0.033
245.664082;+19.003168;16223937+1900114 ;16.132; 0.086;15.513; 0.112;15.060; 0.107
245.657356;+19.008512;16223776+1900306 ;15.770; 0.057;15.120; 0.080;15.124; 0.118
245.666848;+19.024548;16224004+1901283 ;16.089; 0.083;15.672; 0.109;15.124; 0.112
245.665739;+19.048792;16223977+1902556 ;16.225; 0.082;15.729; 0.109;15.324; 0.138
245.694149;+19.033043;16224659+1901589 ;15.382; 0.055;15.000; 0.071;14.874; 0.093
245.703934;+19.031794;16224894+1901544 ;14.159; 0.032;13.750; 0.043;13.726; 0.040
245.702622;+19.023142;16224862+1901233 ;15.339; 0.041;14.834; 0.065;14.693; 0.076
245.712910;+19.015760;16225109+1900567 ;15.870; 0.076;15.343; 0.093;15.208; 0.132
245.719200;+19.037592;16225260+1902153 ;15.815; 0.062;15.081; 0.077;14.940; 0.088
245.722351;+19.005640;16225336+1900203 ;16.852; 0.163;16.089; 0.159;15.766; 0.184
245.687899;+19.040661;16224509+1902263 ;15.778; 0.074;15.068; 0.084;14.916; 0.101
