#RA DEC 2MASSID Jmag eJmag Hmag eHmag Kmag eKmag
105.100955;+48.427139;07002422+4825377 ;14.937; 0.040;14.405; 0.053;14.294; 0.064
105.173408;+48.397533;07004161+4823511 ;15.620; 0.086;14.886; 0.107;14.490; 0.103
105.239945;+48.401974;07005758+4824071 ;16.172; 0.106;15.183; 0.092;15.139; 0.138
105.227514;+48.409420;07005460+4824339 ;15.456; 0.052;14.713; 0.068;14.531; 0.076
105.243916;+48.420574;07005853+4825140 ;15.129; 0.041;14.954; 0.070;14.533; 0.083
105.241741;+48.417286;07005801+4825022 ;16.243; 0.095;15.509; 0.118;15.081; 0.131
105.248414;+48.427376;07005961+4825385 ;16.101; 0.083;15.215; 0.095;15.063; 0.131
105.233522;+48.431358;07005604+4825528 ;16.351; 0.111;15.829; 0.152;15.625; 0.205
105.201832;+48.401093;07004843+4824039 ;13.032; 0.022;12.738; 0.024;12.696; 0.027
105.270450;+48.406689;07010490+4824240 ;15.531; 0.051;15.108; 0.080;14.927; 0.105
105.266000;+48.421555;07010384+4825175 ;16.169; 0.087;15.671; 0.140;15.281; 0.156
105.284998;+48.425961;07010839+4825334 ;15.244; 0.050;14.550; 0.057;14.374; 0.075
105.281074;+48.417118;07010745+4825016 ;16.506; 0.116;15.820; 0.169;15.484; 0.181
105.298844;+48.412457;07011172+4824448 ;14.558; 0.034;13.927; 0.039;13.806; 0.046
105.285612;+48.420135;07010854+4825124 ;14.001; 0.030;13.671; 0.038;13.536; 0.041
105.255047;+48.403767;07010121+4824135 ;14.938; 0.056;14.156; 0.061;13.912; 0.062
105.274929;+48.402760;07010598+4824099 ;14.744; 0.032;14.110; 0.045;13.854; 0.046
105.271701;+48.432621;07010520+4825574 ;13.817; 0.025;13.535; 0.027;13.366; 0.033
105.071937;+48.469273;07001726+4828093 ;15.681; 0.060;15.128; 0.087;15.037; 0.122
105.091592;+48.458763;07002198+4827315 ;14.359; 0.029;14.039; 0.031;13.973; 0.052
105.088410;+48.464508;07002121+4827522 ;14.443; 0.029;14.101; 0.040;14.096; 0.054
105.083015;+48.469994;07001992+4828119 ;14.877; 0.035;14.327; 0.044;14.137; 0.060
105.084646;+48.492306;07002031+4829323 ;14.504; 0.030;13.903; 0.042;13.581; 0.036
105.120095;+48.484295;07002882+4829034 ;15.155; 0.044;14.760; 0.066;14.645; 0.087
105.182372;+48.467194;07004376+4828018 ;13.851; 0.024;13.113; 0.029;12.936; 0.026
105.183650;+48.497379;07004407+4829505 ;16.014; 0.080;15.407; 0.114;15.048; 0.126
105.176710;+48.464085;07004241+4827507 ;13.774; 0.025;13.211; 0.029;13.141; 0.031
105.143595;+48.474533;07003446+4828283 ;15.199; 0.048;14.911; 0.078;14.871; 0.103
105.174869;+48.458927;07004196+4827321 ;14.751; 0.035;14.487; 0.053;14.327; 0.069
105.165818;+48.475510;07003979+4828318 ; 7.764; 0.021; 7.540; 0.024; 7.478; 0.020
105.138266;+48.439056;07003318+4826206 ;14.410; 0.029;14.161; 0.040;14.010; 0.050
105.139124;+48.453629;07003338+4827130 ;15.521; 0.055;14.868; 0.069;14.599; 0.084
105.185417;+48.488083;07004450+4829170 ;11.396; 0.021;11.140; 0.019;11.084; 0.018
105.189853;+48.476524;07004556+4828354 ;11.552; 0.021;11.186; 0.019;11.101; 0.018
105.237664;+48.466187;07005703+4827582 ; 9.375; 0.021; 9.223; 0.019; 9.155; 0.016
105.244904;+48.480381;07005877+4828493 ;14.469; 0.030;14.166; 0.040;14.143; 0.060
105.242463;+48.487244;07005819+4829140 ;16.926; 0.177;15.801; 0.152;15.597; 0.212
105.215854;+48.489765;07005180+4829231 ;11.682; 0.021;11.385; 0.018;11.326; 0.018
105.203059;+48.497150;07004873+4829497 ;16.700; 0.143;15.888; 0.160;15.208; 0.151
105.204939;+48.486073;07004918+4829098 ;13.491; 0.024;12.817; 0.021;12.626; 0.023
105.231596;+48.481850;07005558+4828546 ;13.847; 0.026;13.489; 0.024;13.414; 0.036
105.231482;+48.493870;07005555+4829379 ;15.945; 0.080;15.498; 0.130;15.074; 0.129
105.200091;+48.490971;07004802+4829274 ;16.628; 0.143;16.039; 0.174;15.458; 0.179
105.195707;+48.454079;07004696+4827146 ; 8.528; 0.023; 7.976; 0.023; 7.831; 0.021
105.202329;+48.439468;07004855+4826220 ;16.147; 0.086;15.687; 0.141;15.491; 0.184
105.269227;+48.447998;07010461+4826527 ;16.229; 0.095;15.915; 0.161;15.501; 0.188
105.271224;+48.479424;07010509+4828459 ;15.579; 0.059;15.085; 0.085;14.934; 0.119
105.280196;+48.443253;07010724+4826357 ;16.026; 0.082;15.353; 0.102;15.293; 0.154
105.294484;+48.476646;07011067+4828359 ;15.811; 0.072;15.272; 0.089;15.098; 0.133
105.282792;+48.438271;07010787+4826177 ;15.483; 0.055;14.755; 0.060;14.691; 0.090
105.302388;+48.438923;07011257+4826201 ;14.864; 0.038;14.421; 0.050;14.240; 0.058
105.301360;+48.480125;07011232+4828484 ;16.278; 0.100;15.565; 0.114;15.585; 0.185
105.253205;+48.479889;07010076+4828476 ;10.262; 0.020; 9.831; 0.019; 9.776; 0.016
105.304394;+48.475777;07011305+4828327 ;15.474; 0.047;14.803; 0.058;14.802; 0.092
105.258759;+48.463577;07010210+4827488 ;15.339; 0.047;14.836; 0.071;14.795; 0.098
105.352828;+48.476166;07012467+4828341 ;15.881; 0.075;15.149; 0.080;15.277; 0.147
105.328735;+48.443970;07011889+4826382 ;16.224; 0.095;15.618; 0.125;15.476; 0.189
105.331261;+48.483913;07011950+4829020 ;15.995; 0.077;15.342; 0.093;15.316; 0.142
105.331916;+48.456547;07011965+4827235 ;15.244; 0.063;14.462; 0.073;14.320; 0.076
105.361187;+48.476318;07012668+4828347 ;16.220; 0.098;15.531; 0.106;15.480; 0.168
105.362659;+48.485935;07012703+4829093 ;16.185; 0.091;15.761; 0.145;15.568; 0.190
105.347698;+48.485413;07012344+4829074 ;12.688; 0.021;12.266; 0.023;12.118; 0.018
105.117491;+48.523045;07002819+4831229 ;13.965; 0.026;13.613; 0.031;13.545; 0.040
105.092131;+48.528488;07002211+4831425 ;11.193; 0.020;10.729; 0.019;10.635; 0.018
105.102942;+48.545483;07002470+4832437 ;14.769; 0.035;14.426; 0.052;14.324; 0.069
105.101180;+48.542614;07002428+4832334 ;16.317; 0.102;16.053; 0.193;15.519; 0.182
105.071580;+48.508331;07001717+4830299 ;12.200; 0.021;11.695; 0.019;11.600; 0.019
105.101456;+48.535191;07002434+4832066 ;15.005; 0.037;14.691; 0.060;14.575; 0.080
105.180021;+48.541348;07004320+4832288 ;15.750; 0.068;15.054; 0.083;14.868; 0.100
105.185023;+48.536953;07004440+4832130 ;15.330; 0.047;14.987; 0.071;14.672; 0.085
105.136252;+48.513912;07003270+4830500 ;14.815; 0.036;14.463; 0.045;14.418; 0.071
105.183825;+48.514111;07004411+4830507 ;15.165; 0.041;14.880; 0.063;14.950; 0.128
105.155899;+48.527420;07003741+4831387 ;14.857; 0.036;14.459; 0.051;14.256; 0.066
105.147310;+48.517838;07003535+4831042 ;15.839; 0.084;15.082; 0.107;14.605; 0.097
105.161062;+48.528561;07003865+4831428 ;16.496; 0.129;15.754; 0.140;15.459; 0.179
105.225253;+48.549225;07005406+4832572 ;15.284; 0.045;14.812; 0.061;14.979; 0.122
105.212059;+48.514053;07005089+4830505 ;15.211; 0.048;14.667; 0.061;14.391; 0.069
105.220560;+48.535694;07005293+4832084 ;16.394; 0.128;15.576; 0.131;14.845; 0.120
105.213605;+48.535278;07005126+4832070 ;14.580; 0.031;14.350; 0.049;14.331; 0.068
105.204049;+48.503021;07004897+4830108 ;12.648; 0.021;12.338; 0.019;12.269; 0.022
105.247800;+48.558079;07005947+4833290 ;14.245; 0.028;13.756; 0.038;13.616; 0.040
105.234673;+48.542660;07005632+4832335 ;13.808; 0.022;13.185; 0.030;13.036; 0.029
105.221667;+48.506889;07005320+4830248 ;14.950; 0.041;14.526; 0.053;14.571; 0.083
105.197399;+48.556297;07004737+4833226 ;14.069; 0.022;13.680; 0.029;13.652; 0.041
105.188448;+48.530231;07004522+4831488 ;13.763; 0.025;13.132; 0.023;12.881; 0.026
105.268596;+48.528023;07010446+4831408 ;13.733; 0.024;13.483; 0.029;13.394; 0.035
105.283201;+48.510136;07010796+4830364 ;15.133; 0.040;14.958; 0.063;14.678; 0.088
105.275669;+48.525349;07010616+4831312 ;15.388; 0.050;14.847; 0.074;14.917; 0.115
105.279991;+48.524345;07010719+4831276 ;16.215; 0.090;15.684; 0.129;15.382; 0.169
105.258350;+48.542862;07010200+4832343 ;15.352; 0.050;14.731; 0.061;14.445; 0.071
105.255114;+48.515671;07010122+4830564 ;16.132; 0.092;15.697; 0.136;15.520; 0.193
105.295408;+48.523815;07011089+4831257 ;16.330; 0.111;15.890; 0.162;15.631; 0.200
105.318519;+48.520649;07011644+4831143 ;15.215; 0.045;14.530; 0.055;14.133; 0.057
105.329985;+48.512333;07011919+4830443 ;16.859; 0.174;15.835; 0.148;15.306; 0.156
105.351097;+48.524071;07012426+4831266 ;14.600; 0.032;14.153; 0.050;14.029; 0.053
105.117004;+48.564255;07002808+4833513 ;14.672; 0.038;14.402; 0.049;14.220; 0.062
105.136410;+48.564114;07003273+4833508 ; 9.008; 0.030; 8.697; 0.018; 8.634; 0.016
105.142296;+48.573879;07003415+4834259 ;12.280; 0.020;11.648; 0.019;11.442; 0.018
105.151287;+48.580151;07003630+4834485 ;13.159; 0.022;12.842; 0.019;12.717; 0.025
105.137878;+48.571239;07003309+4834164 ;15.338; 0.046;14.606; 0.053;14.447; 0.074
105.187777;+48.570080;07004506+4834122 ;15.339; 0.047;15.006; 0.072;14.896; 0.110
105.243226;+48.586903;07005837+4835128 ;15.641; 0.065;15.120; 0.079;14.881; 0.109
105.253094;+48.582348;07010074+4834564 ;12.469; 0.021;12.210; 0.019;12.168; 0.021
105.303110;+48.565529;07011274+4833559 ;16.183; 0.097;15.855; 0.138;15.442; 0.160
105.288902;+48.565605;07010933+4833561 ;12.569; 0.021;12.266; 0.021;12.164; 0.021
105.294421;+48.569672;07011066+4834108 ;15.553; 0.057;15.223; 0.088;15.167; 0.133
105.286660;+48.572292;07010879+4834202 ;15.866; 0.070;15.511; 0.107;15.351; 0.164
105.268189;+48.564266;07010436+4833513 ;15.950; 0.077;15.319; 0.097;15.021; 0.121
