#RA DEC 2MASSID Jmag eJmag Hmag eHmag Kmag eKmag
104.020626;+83.982819;06560495+8358581 ;16.343; 0.105;15.708; 0.147;15.158; 0.133
104.206435;+83.994987;06564954+8359419 ;15.847; 0.077;15.477; 0.134;15.447; 0.181
103.222083;+84.035248;06525329+8402068 ;10.667; 0.024; 9.939; 0.030; 9.775; 0.021
103.353251;+84.044991;06532478+8402419 ;15.573; 0.063;14.984; 0.084;14.782; 0.107
103.331355;+84.018867;06531952+8401079 ;13.658; 0.026;13.197; 0.032;13.126; 0.036
103.529853;+84.040642;06540716+8402263 ;16.009; 0.078;15.354; 0.105;15.139; 0.161
103.648243;+84.015373;06543557+8400553 ;16.477; 0.129;15.542; 0.127;15.642; 0.213
103.782543;+84.025330;06550781+8401311 ;15.591; 0.062;15.099; 0.087;14.825; 0.100
103.750613;+84.041786;06550014+8402304 ;14.938; 0.117;14.363; 0.141;14.148; 0.138
103.801791;+84.020782;06551242+8401148 ;13.528; 0.027;13.101; 0.032;12.977; 0.030
103.981194;+84.045723;06555548+8402446 ;15.740; 0.073;15.006; 0.080;14.965; 0.114
103.941662;+84.051102;06554599+8403039 ;15.223; 0.043;14.548; 0.067;14.316; 0.067
103.948248;+84.038719;06554757+8402193 ;15.540; 0.059;15.230; 0.102;15.121; 0.142
103.990406;+84.052147;06555769+8403077 ;15.992; 0.080;15.352; 0.101;15.231; 0.156
104.037429;+84.054153;06560898+8403149 ;11.959; 0.022;11.676; 0.028;11.596; 0.020
104.021797;+84.051521;06560523+8403054 ;14.289; 0.032;13.891; 0.037;13.823; 0.042
104.084397;+84.007317;06562025+8400263 ;15.950; 0.075;15.033; 0.070;14.997; 0.119
104.093188;+84.010590;06562236+8400381 ;13.071; 0.026;12.683; 0.030;12.553; 0.023
104.178489;+84.003349;06564283+8400120 ;14.348; 0.034;14.005; 0.045;14.025; 0.051
104.133057;+84.054169;06563193+8403150 ;15.758; 0.074;15.106; 0.099;14.725; 0.099
104.287707;+84.030731;06570904+8401506 ;15.082; 0.040;14.504; 0.060;14.413; 0.068
104.331131;+84.060959;06571947+8403394 ;14.454; 0.024;14.113; 0.043;13.987; 0.058
104.340658;+84.007179;06572175+8400258 ;12.635; 0.024;12.306; 0.030;12.211; 0.025
104.416938;+84.032257;06574006+8401561 ;16.674; 0.144;15.731; 0.159;15.083; 0.148
104.436331;+84.005470;06574471+8400196 ;15.760; 0.067;15.166; 0.096;15.175; 0.140
104.484224;+84.002403;06575621+8400086 ;16.221; 0.101;15.788; 0.167;15.450; 0.187
104.507270;+84.006104;06580174+8400219 ;15.189; 0.047;14.416; 0.055;14.214; 0.067
104.561713;+84.001442;06581481+8400051 ;14.884; 0.051;14.408; 0.073;14.287; 0.082
104.864619;+84.055840;06592750+8403210 ;15.510; 0.067;14.646; 0.083;14.758; 0.103
104.934522;+84.050385;06594428+8403013 ;11.723; 0.023;11.448; 0.031;11.350; 0.026
104.891933;+84.059814;06593406+8403353 ;14.598; 0.040;13.942; 0.050;13.785; 0.050
103.110984;+84.089447;06522663+8405220 ;14.207; 0.033;13.775; 0.033;13.632; 0.039
103.160237;+84.074417;06523845+8404279 ;15.615; 0.064;15.014; 0.086;14.682; 0.095
103.234090;+84.073296;06525618+8404238 ;13.645; 0.026;13.350; 0.030;13.244; 0.037
103.417484;+84.093430;06534019+8405363 ;15.721; 0.066;15.727; 0.140;15.073; 0.132
103.383472;+84.122566;06533203+8407212 ;13.826; 0.031;13.285; 0.037;13.274; 0.032
103.491891;+84.092957;06535805+8405346 ;16.233; 0.105;15.459; 0.119;15.443; 0.185
103.493554;+84.086922;06535845+8405129 ;12.024; 0.024;11.686; 0.027;11.657; 0.021
103.611219;+84.117622;06542669+8407034 ;14.067; 0.032;13.557; 0.039;13.500; 0.037
103.587733;+84.096992;06542105+8405491 ;15.296; 0.052;14.973; 0.087;14.771; 0.109
103.661310;+84.064079;06543871+8403506 ;15.750; 0.104;15.185; 0.111;14.484; 0.095
103.662517;+84.066109;06543900+8403579 ;15.752; 0.106;15.262; 0.138;14.412; 0.097
103.677174;+84.086472;06544252+8405112 ;15.036; 0.041;14.719; 0.066;14.536; 0.070
103.790036;+84.122574;06550960+8407212 ;10.899; 0.022;10.294; 0.030;10.160; 0.020
103.788950;+84.096275;06550934+8405465 ;12.544; 0.024;12.188; 0.030;12.135; 0.023
103.847006;+84.083885;06552328+8405019 ;12.507; 0.022;12.085; 0.030;12.007; 0.023
103.838966;+84.112221;06552135+8406439 ;15.162; 0.046;15.031; 0.074;14.795; 0.093
103.919526;+84.087471;06554068+8405148 ;16.683; 0.145;16.069; 0.199;15.380; 0.185
103.881531;+84.113297;06553156+8406478 ;15.060; 0.038;14.418; 0.055;14.188; 0.064
103.935878;+84.062973;06554461+8403467 ;16.051; 0.084;15.625; 0.125;15.461; 0.191
104.025073;+84.088844;06560601+8405198 ;15.708; 0.063;14.948; 0.079;15.032; 0.118
104.177828;+84.096428;06564267+8405471 ;15.606; 0.060;14.900; 0.071;14.688; 0.090
104.209920;+84.079918;06565038+8404477 ;15.779; 0.072;15.096; 0.083;14.788; 0.096
104.275575;+84.098953;06570613+8405562 ;15.712; 0.063;14.962; 0.077;14.842; 0.104
104.314631;+84.105026;06571551+8406180 ;14.384; 0.055;14.007; 0.077;13.847; 0.040
104.320226;+84.103462;06571685+8406124 ;14.615; 0.034;13.951; 0.051;13.664; 0.042
104.558103;+84.101234;06581394+8406044 ;16.052; 0.082;15.292; 0.110;14.882; 0.109
104.583541;+84.096970;06582004+8405490 ;13.335; 0.022;12.881; 0.030;12.808; 0.025
104.739074;+84.089447;06585737+8405220 ;15.190; 0.045;14.901; 0.075;14.646; 0.083
104.766056;+84.119293;06590385+8407094 ;13.218; 0.024;12.885; 0.033;12.726; 0.025
104.845811;+84.103264;06592299+8406117 ;13.427; 0.027;13.084; 0.031;13.023; 0.030
104.878602;+84.114525;06593086+8406522 ;16.640; 0.146;15.911; 0.158;15.491; 0.197
104.902280;+84.098846;06593654+8405558 ;13.094; 0.026;12.444; 0.033;12.277; 0.030
104.986633;+84.065491;06595679+8403557 ;14.859; 0.039;14.551; 0.083;14.391; 0.080
103.327626;+84.134712;06531863+8408049 ;15.933; 0.105;15.513; 0.181;14.796; 0.118
103.536860;+84.158478;06540884+8409305 ;15.847; 0.071;15.199; 0.118;15.203; 0.130
103.604872;+84.136406;06542516+8408110 ;15.977; 0.080;15.232; 0.103;15.035; 0.120
103.700151;+84.157585;06544803+8409273 ;14.217; 0.030;13.889; 0.043;13.922; 0.051
103.836675;+84.130577;06552080+8407500 ;14.798; 0.036;14.166; 0.055;13.873; 0.048
103.969613;+84.140114;06555270+8408244 ;13.852; 0.024;13.518; 0.038;13.467; 0.032
104.031696;+84.152184;06560760+8409078 ;15.745; 0.065;15.426; 0.115;15.340; 0.162
104.040293;+84.178146;06560967+8410413 ;14.873; 0.036;14.538; 0.056;14.592; 0.081
104.022659;+84.125244;06560543+8407308 ;16.003; 0.082;15.360; 0.102;15.169; 0.141
104.084598;+84.158051;06562030+8409289 ;15.737; 0.067;15.126; 0.106;14.960; 0.119
104.068354;+84.157761;06561640+8409279 ;16.097; 0.083;15.567; 0.136;15.456; 0.181
104.151441;+84.129631;06563634+8407466 ;11.842; 0.022;11.419; 0.030;11.286; 0.020
104.182270;+84.167351;06564374+8410024 ;12.597; 0.022;12.281; 0.033;12.183; 0.024
104.231859;+84.155884;06565564+8409211 ;15.888; 0.070;15.637; 0.156;15.437; 0.172
104.257465;+84.173073;06570179+8410230 ;15.831; 0.072;15.037; 0.081;14.930; 0.102
104.261536;+84.170021;06570276+8410120 ;14.439; 0.034;14.072; 0.044;13.984; 0.047
104.370969;+84.174950;06572903+8410298 ;15.532; 0.062;15.406; 0.126;15.123; 0.119
104.350728;+84.141914;06572417+8408308 ;16.331; 0.097;15.735; 0.138;15.642; 0.208
104.423750;+84.170639;06574170+8410143 ;13.332; 0.024;13.034; 0.035;12.946; 0.026
104.387299;+84.157600;06573295+8409273 ;16.224; 0.113;16.047; 0.188;15.418; 0.168
104.617077;+84.133217;06582809+8407595 ;14.622; 0.036;14.269; 0.052;14.290; 0.063
104.767073;+84.126534;06590409+8407355 ;14.309; 0.030;13.599; 0.033;13.487; 0.040
104.754990;+84.137024;06590119+8408132 ;14.592; 0.031;14.273; 0.048;14.340; 0.069
