#RA DEC 2MASSID Jmag eJmag Hmag eHmag Kmag eKmag
340.430156;+34.874073;22414323+3452266 ;16.211; 0.071;15.477; 0.068;15.446; 0.207
340.457860;+34.870384;22414988+3452133 ;13.739; 0.024;13.414; 0.020;13.284; 0.036
340.503086;+34.874363;22420074+3452277 ;10.392; 0.021; 9.867; 0.017; 9.760; 0.014
340.372794;+34.909920;22412947+3454357 ;14.636; 0.029;14.242; 0.031;14.220; 0.066
340.365189;+34.920345;22412764+3455132 ;15.511; 0.049;14.901; 0.044;14.648; 0.100
340.433429;+34.889156;22414402+3453209 ;13.602; 0.023;13.217; 0.020;13.160; 0.034
340.375450;+34.925503;22413010+3455318 ;14.605; 0.029;13.967; 0.034;13.730; 0.048
340.402046;+34.930439;22413649+3455495 ;11.428; 0.021;10.955; 0.017;10.843; 0.016
340.375854;+34.906010;22413020+3454216 ;15.298; 0.039;14.538; 0.034;14.543; 0.084
340.390975;+34.905998;22413383+3454215 ;10.514; 0.023; 9.988; 0.021; 9.870; 0.012
340.427788;+34.881626;22414266+3452538 ;14.770; 0.032;14.270; 0.028;14.469; 0.086
340.465509;+34.897991;22415172+3453527 ;15.440; 0.043;15.102; 0.047;14.902; 0.133
340.481594;+34.906761;22415558+3454243 ;16.151; 0.070;15.480; 0.074;15.489; 0.208
340.490996;+34.916679;22415783+3455000 ;13.965; 0.044;13.102; 0.033;12.940; 0.038
340.491593;+34.920074;22415798+3455122 ;12.972; 0.021;12.645; 0.017;12.595; 0.021
340.453981;+34.882042;22414895+3452553 ;15.284; 0.040;14.966; 0.048;14.986; 0.142
340.499522;+34.892590;22415988+3453333 ;13.827; 0.024;13.542; 0.018;13.600; 0.046
340.454017;+34.884228;22414896+3453032 ;15.228; 0.046;14.485; 0.041;14.394; 0.086
340.438443;+34.884327;22414522+3453035 ;14.850; 0.032;14.462; 0.029;14.493; 0.086
340.441071;+34.925289;22414585+3455310 ;15.237; 0.039;14.847; 0.044;14.745; 0.106
340.453578;+34.912090;22414885+3454435 ; 9.070; 0.019; 8.505; 0.021; 8.400; 0.014
340.476337;+34.926594;22415432+3455357 ;14.309; 0.021;14.063; 0.020;14.104; 0.063
340.457319;+34.901051;22414975+3454037 ;14.860; 0.032;14.321; 0.032;14.168; 0.066
340.491591;+34.895370;22415798+3453433 ;16.161; 0.072;15.417; 0.069;15.326; 0.187
340.455268;+34.921135;22414926+3455160 ;14.894; 0.027;14.232; 0.025;14.163; 0.068
340.474291;+34.928555;22415382+3455427 ;14.988; 0.044;14.340; 0.037;14.207; 0.070
340.476032;+34.904388;22415424+3454157 ;14.876; 0.034;14.617; 0.036;14.600; 0.095
340.468911;+34.925804;22415253+3455328 ;12.094; 0.020;11.859; 0.017;11.830; 0.019
340.562494;+34.917011;22421499+3455012 ;14.132; 0.027;13.439; 0.020;13.251; 0.034
340.556873;+34.914761;22421364+3454531 ;16.254; 0.074;16.256; 0.119;15.413; 0.200
340.532281;+34.930012;22420774+3455480 ;15.042; 0.037;14.647; 0.039;14.716; 0.107
340.556518;+34.902885;22421356+3454103 ;13.734; 0.023;13.042; 0.023;12.858; 0.028
340.526855;+34.905991;22420644+3454215 ;14.540; 0.031;13.978; 0.029;13.852; 0.050
340.501989;+34.916779;22420047+3455004 ;15.580; 0.044;15.145; 0.061;15.209; 0.161
340.506256;+34.930870;22420150+3455511 ;15.435; 0.044;14.872; 0.041;14.681; 0.101
340.511258;+34.908867;22420270+3454319 ;13.900; 0.027;13.253; 0.020;13.131; 0.031
340.506431;+34.900410;22420154+3454014 ;15.684; 0.053;14.895; 0.042;14.763; 0.106
340.551689;+34.904785;22421240+3454172 ;13.885; 0.028;13.543; 0.025;13.467; 0.038
340.510953;+34.884853;22420262+3453054 ;11.665; 0.024;11.304; 0.018;11.224; 0.017
340.516871;+34.895462;22420404+3453436 ;15.645; 0.054;15.094; 0.051;15.001; 0.139
340.539387;+34.907516;22420945+3454270 ;16.299; 0.081;15.548; 0.084;15.199; 0.167
340.506280;+34.878418;22420150+3452423 ;13.213; 0.021;12.942; 0.018;12.913; 0.029
340.574229;+34.927185;22421781+3455378 ;14.431; 0.024;14.029; 0.028;14.105; 0.062
340.346890;+34.984985;22412325+3459059 ;14.942; 0.030;14.610; 0.038;14.456; 0.086
340.361734;+34.996300;22412681+3459466 ;15.459; 0.037;15.208; 0.054;14.974; 0.134
340.347038;+34.948318;22412328+3456539 ;16.004; 0.063;15.364; 0.061;15.417; 0.199
340.368376;+34.994793;22412841+3459412 ;14.281; 0.024;13.820; 0.025;13.652; 0.045
340.363702;+34.999893;22412728+3459596 ;15.796; 0.043;15.151; 0.044;14.984; 0.134
340.360053;+34.940887;22412641+3456271 ;14.125; 0.022;13.781; 0.027;13.748; 0.047
340.357407;+34.945065;22412577+3456422 ;14.575; 0.029;14.144; 0.025;14.091; 0.060
340.401720;+34.960506;22413641+3457378 ;15.017; 0.033;14.387; 0.023;14.176; 0.062
340.376183;+34.996017;22413028+3459456 ;13.974; 0.021;13.687; 0.023;13.607; 0.044
340.419005;+34.993500;22414056+3459366 ;11.880; 0.020;11.336; 0.018;11.252; 0.016
340.417344;+34.963486;22414016+3457485 ;13.731; 0.023;13.319; 0.018;13.218; 0.035
340.420373;+34.940903;22414088+3456272 ;12.230; 0.021;11.936; 0.017;11.860; 0.019
340.420232;+34.978607;22414085+3458429 ;13.318; 0.020;12.851; 0.022;12.766; 0.027
340.409362;+34.949638;22413824+3456586 ;13.406; 0.021;13.098; 0.017;13.060; 0.029
340.406336;+34.953152;22413752+3457113 ;12.679; 0.021;12.157; 0.017;12.027; 0.020
340.436021;+34.943523;22414464+3456366 ;14.523; 0.031;14.165; 0.036;14.143; 0.067
340.380839;+34.952873;22413140+3457103 ;16.693; 0.106;16.038; 0.098;15.354; 0.185
340.387187;+34.974731;22413292+3458290 ;11.441; 0.021;10.818; 0.020;10.710; 0.012
340.392059;+34.941662;22413409+3456299 ;14.592; 0.028;14.171; 0.025;14.068; 0.060
340.437544;+34.969090;22414501+3458087 ;16.133; 0.087;15.495; 0.088;14.903; 0.126
340.497132;+34.984768;22415931+3459051 ;15.558; 0.047;14.960; 0.040;15.007; 0.131
340.485010;+34.977760;22415640+3458399 ;14.434; 0.024;14.139; 0.033;14.096; 0.066
340.480069;+34.957672;22415521+3457276 ;14.716; 0.031;14.251; 0.026;14.125; 0.068
340.488272;+34.956902;22415718+3457248 ;15.173; 0.040;14.400; 0.035;14.407; 0.080
340.493087;+34.999580;22415834+3459584 ;15.086; 0.032;14.770; 0.039;14.468; 0.085
340.441302;+34.972900;22414591+3458224 ;16.566; 0.134;16.018; 0.133;15.300; 0.180
340.447661;+34.984650;22414743+3459047 ;16.398; 0.093;15.608; 0.084;15.063; 0.142
340.442746;+34.971416;22414625+3458170 ;15.038; 0.055;14.284; 0.045;13.801; 0.057
340.446274;+34.955593;22414710+3457201 ;12.953; 0.023;12.617; 0.017;12.540; 0.023
340.447733;+34.952942;22414745+3457105 ;14.460; 0.029;13.929; 0.023;13.941; 0.056
340.457934;+34.966892;22414990+3458008 ;14.114; 0.025;13.673; 0.017;13.735; 0.050
340.459229;+34.986568;22415021+3459116 ;15.616; 0.045;15.079; 0.051;14.910; 0.125
340.497848;+34.974197;22415948+3458271 ;15.444; 0.047;15.080; 0.052;15.041; 0.138
340.524713;+34.972153;22420593+3458197 ;16.410; 0.098;15.648; 0.091;15.275; 0.175
340.532353;+34.970623;22420776+3458142 ;15.508; 0.046;14.931; 0.051;14.864; 0.117
340.532109;+34.975140;22420770+3458305 ;14.990; 0.037;14.549; 0.041;14.682; 0.099
340.500094;+34.946507;22420002+3456474 ;15.092; 0.037;14.467; 0.032;14.236; 0.071
340.530226;+34.983131;22420725+3458592 ;14.270; 0.031;13.994; 0.030;14.037; 0.062
340.518893;+34.979015;22420453+3458444 ;12.909; 0.021;12.256; 0.021;12.057; 0.019
340.520479;+34.984707;22420491+3459049 ;16.306; 0.078;15.562; 0.078;15.448; 0.199
340.551598;+34.956078;22421238+3457218 ;10.910; 0.020;10.785; 0.017;10.721; 0.014
340.516973;+34.964474;22420407+3457521 ;15.007; 0.039;14.393; 0.028;14.101; 0.066
340.558888;+34.964298;22421413+3457514 ;13.910; 0.023;13.488; 0.017;13.431; 0.035
340.508611;+34.973595;22420206+3458249 ;15.221; 0.042;14.802; 0.050;14.781; 0.115
340.536200;+34.985283;22420868+3459070 ;16.539; 0.091;15.706; 0.091;15.361; 0.192
340.535748;+34.940735;22420857+3456266 ;14.386; 0.027;13.849; 0.023;13.725; 0.049
340.539322;+34.941460;22420943+3456292 ;16.513; 0.093;15.905; 0.102;15.203; 0.163
340.546432;+34.966415;22421114+3457590 ;15.784; 0.054;15.221; 0.046;14.834; 0.110
340.538716;+34.952751;22420929+3457099 ;16.348; 0.083;15.768; 0.086;15.361; 0.189
340.539918;+34.992344;22420958+3459324 ;15.842; 0.052;15.125; 0.047;15.028; 0.144
340.533190;+34.990871;22420796+3459271 ;14.852; 0.027;14.535; 0.035;14.355; 0.081
340.500956;+34.994972;22420022+3459418 ;14.060; 0.027;13.531; 0.024;13.437; 0.039
340.560018;+34.943699;22421440+3456373 ;14.993; 0.031;14.467; 0.032;14.389; 0.083
340.554762;+34.982941;22421314+3458585 ;16.136; 0.065;15.505; 0.071;15.223; 0.162
340.545246;+34.953476;22421085+3457125 ;15.739; 0.058;15.249; 0.067;14.993; 0.140
340.567352;+34.998154;22421616+3459533 ;15.952; 0.060;15.299; 0.059;14.994; 0.148
340.564102;+34.959633;22421538+3457346 ;14.645; 0.027;14.034; 0.022;13.852; 0.051
340.570952;+34.981937;22421702+3458549 ;15.154; 0.038;14.818; 0.040;14.750; 0.107
340.564794;+34.967255;22421555+3458021 ; 9.912; 0.021; 9.432; 0.017; 9.357; 0.016
340.574699;+34.990509;22421792+3459258 ;11.741; 0.020;11.536; 0.017;11.460; 0.016
340.585475;+34.961086;22422051+3457399 ;15.604; 0.052;15.034; 0.047;15.091; 0.152
340.574992;+34.999107;22421799+3459567 ;15.969; 0.060;15.409; 0.069;15.117; 0.151
340.582010;+34.995708;22421968+3459445 ;16.206; 0.073;15.583; 0.081;15.318; 0.178
340.580286;+34.944504;22421926+3456402 ;16.879; 0.144;16.025; 0.123;15.041; 0.144
340.575543;+34.953091;22421813+3457111 ;12.844; 0.020;12.487; 0.017;12.405; 0.023
340.369860;+35.014759;22412876+3500531 ;12.429; 0.021;12.151; 0.022;12.079; 0.016
340.364807;+35.016685;22412755+3501000 ;14.058; 0.021;13.585; 0.027;13.533; 0.039
340.362647;+35.008839;22412703+3500318 ;15.969; 0.052;15.598; 0.080;15.431; 0.187
340.419583;+35.020466;22414069+3501136 ;13.585; 0.023;13.256; 0.022;13.185; 0.034
340.435603;+35.015526;22414454+3500558 ;14.306; 0.027;13.797; 0.024;13.725; 0.046
340.430659;+35.056469;22414335+3503232 ;11.303; 0.021;10.724; 0.019;10.608; 0.016
340.410220;+35.034966;22413845+3502058 ;14.857; 0.032;14.506; 0.036;14.545; 0.092
340.402406;+35.004562;22413657+3500164 ;14.486; 0.027;14.136; 0.030;14.037; 0.054
340.393464;+35.041378;22413443+3502289 ;15.203; 0.037;14.921; 0.039;14.999; 0.135
340.389576;+35.020569;22413349+3501140 ;14.975; 0.027;14.492; 0.038;14.403; 0.078
340.383214;+35.040493;22413197+3502257 ;16.291; 0.076;15.630; 0.083;15.233; 0.167
340.397847;+35.013454;22413548+3500484 ;16.882; 0.124;16.569; 0.173;15.338; 0.178
340.405306;+35.020775;22413727+3501147 ;17.006; 0.149;16.363; 0.137;15.386; 0.199
340.388776;+35.037178;22413330+3502138 ;15.422; 0.043;14.832; 0.040;14.543; 0.091
340.403479;+35.034481;22413683+3502041 ;14.359; 0.028;13.722; 0.024;13.494; 0.041
340.410337;+35.027908;22413848+3501404 ;13.809; 0.023;13.479; 0.024;13.386; 0.037
340.455872;+35.002117;22414940+3500076 ;16.070; 0.085;15.232; 0.074;14.784; 0.118
340.494257;+35.045818;22415862+3502449 ;15.609; 0.045;15.183; 0.056;15.061; 0.146
340.487984;+35.003700;22415711+3500133 ;12.800; 0.021;12.356; 0.021;12.337; 0.021
340.483806;+35.038727;22415611+3502194 ;14.078; 0.025;13.435; 0.028;13.231; 0.034
340.456568;+35.054588;22414957+3503165 ;14.512; 0.025;14.139; 0.034;14.071; 0.061
340.477431;+35.037163;22415458+3502137 ;15.826; 0.059;15.179; 0.054;14.560; 0.093
340.473642;+35.017597;22415367+3501033 ;15.344; 0.042;14.960; 0.047;14.948; 0.130
340.497120;+35.027470;22415930+3501388 ;15.714; 0.045;15.092; 0.048;14.946; 0.132
340.471812;+35.050468;22415323+3503016 ;13.296; 0.021;12.676; 0.022;12.516; 0.023
340.443286;+35.056965;22414638+3503250 ;15.146; 0.038;14.773; 0.043;14.788; 0.113
340.444570;+35.017120;22414669+3501016 ;15.098; 0.036;14.440; 0.038;14.356; 0.077
340.444883;+35.024380;22414677+3501277 ;13.721; 0.023;13.172; 0.024;13.015; 0.029
340.445404;+35.008503;22414689+3500306 ;15.299; 0.040;14.842; 0.045;14.662; 0.104
340.553249;+35.029373;22421277+3501457 ;13.071; 0.020;12.902; 0.017;12.850; 0.027
340.555346;+35.011166;22421328+3500401 ;15.281; 0.038;14.586; 0.032;14.354; 0.076
340.545220;+35.003162;22421085+3500113 ;11.312; 0.020;10.796; 0.017;10.678; 0.014
340.515931;+35.051125;22420382+3503040 ;15.956; 0.079;15.217; 0.083;14.787; 0.110
340.515307;+35.029453;22420367+3501460 ;16.539; 0.095;15.790; 0.088;15.406; 0.191
340.526997;+35.014107;22420647+3500507 ;13.448; 0.023;13.139; 0.026;13.134; 0.031
340.512998;+35.003620;22420311+3500130 ;16.133; 0.068;15.671; 0.079;15.172; 0.161
340.527856;+35.004490;22420668+3500161 ;16.982; 0.163;15.935; 0.110;15.253; 0.162
340.529298;+35.020119;22420703+3501124 ;15.274; 0.039;14.876; 0.050;15.021; 0.141
340.506763;+35.034927;22420162+3502057 ;16.648; 0.102;15.902; 0.101;15.454; 0.204
340.505538;+35.004383;22420132+3500157 ;12.808; 0.021;12.490; 0.022;12.449; 0.023
340.502707;+35.037857;22420064+3502162 ;16.138; 0.068;15.420; 0.065;15.261; 0.176
340.540495;+35.031796;22420971+3501544 ;16.341; 0.076;15.686; 0.084;15.344; 0.188
340.537793;+35.044945;22420907+3502418 ;14.808; 0.029;14.287; 0.028;13.955; 0.058
340.502327;+35.016743;22420055+3501002 ;16.354; 0.101;15.349; 0.077;14.946; 0.132
340.539447;+35.028214;22420946+3501415 ;14.429; 0.024;14.094; 0.029;14.070; 0.060
340.566444;+35.006474;22421594+3500233 ;14.876; 0.032;14.527; 0.037;14.502; 0.090
340.480126;+35.064781;22415523+3503532 ;13.556; 0.023;13.161; 0.024;13.102; 0.031
